19
WB_Cleveland_2024_21 0.0000000 0.0000010 0.0048934 0.0104192 0.0192428 0.0049156 0.0186688 0.0180840 0.0104686 0.0047907 0.0104865 0.0154567 0.0096120 0.0248916 0.0211109 0.0218720 0.0122494 0.0373730 0.3735947 
WB_Cleveland_2024_22 0.0000010 0.0000000 0.0048934 0.0104192 0.0192428 0.0049156 0.0186688 0.0180020 0.0104686 0.0047907 0.0104865 0.0154567 0.0095706 0.0247753 0.0211109 0.0218720 0.0121961 0.0373730 0.3735947 
WB_Cleveland_2024_27 0.0048934 0.0048934 0.0000000 0.0047456 0.0124936 0.0049011 0.0121622 0.0152471 0.0047665 0.0047698 0.0047666 0.0154125 0.0157303 0.0247753 0.0210516 0.0149418 0.0187559 0.0371858 0.3735947 
WB_Wooster_2024_29   0.0104192 0.0104192 0.0047456 0.0000000 0.0070649 0.0104367 0.0180321 0.0215760 0.0101228 0.0101464 0.0101393 0.0158645 0.0162308 0.0322400 0.0279206 0.0153640 0.0256439 0.0424171 0.3582515 
WB_Wooster_2024_36   0.0192428 0.0192428 0.0124936 0.0070649 0.0000000 0.0192774 0.0098022 0.0128171 0.0186526 0.0186992 0.0186851 0.0075134 0.0076696 0.0223412 0.0186261 0.0072957 0.0162430 0.0311360 0.3295492 
WB_Wooster_2024_27   0.0049156 0.0049156 0.0049011 0.0104367 0.0192774 0.0000000 0.0187013 0.0181144 0.0104865 0.0047980 0.0105043 0.0154825 0.0158305 0.0249368 0.0211473 0.0219112 0.0153963 0.0374501 0.3735947 
WB_Cleveland_2024_28 0.0186688 0.0186688 0.0121622 0.0180321 0.0098022 0.0187013 0.0000000 0.0124667 0.0181141 0.0181579 0.0181446 0.0125997 0.0128723 0.0216616 0.0180889 0.0122247 0.0049010 0.0300939 0.3295492 
WB_Cleveland_2024_24 0.0180840 0.0180020 0.0152471 0.0215760 0.0128171 0.0181144 0.0124667 0.0000000 0.0216753 0.0176050 0.0217138 0.0122313 0.0124311 0.0208771 0.0175402 0.0153310 0.0152150 0.0257098 0.3303210 
WB_Wooster_2024_32   0.0104686 0.0104686 0.0047665 0.0101228 0.0186526 0.0104865 0.0181141 0.0216753 0.0000000 0.0101767 0.0000010 0.0188314 0.0224148 0.0323251 0.0279956 0.0122592 0.0257649 0.0373577 0.3735947 
WB_Cleveland_2024_25 0.0047907 0.0047907 0.0047698 0.0101464 0.0186992 0.0047980 0.0181579 0.0176050 0.0101767 0.0000000 0.0100988 0.0097207 0.0153273 0.0239109 0.0205047 0.0154190 0.0182917 0.0392784 0.3735947 
WB_Wooster_2024_34   0.0104865 0.0104865 0.0047666 0.0101393 0.0186851 0.0105043 0.0181446 0.0217138 0.0000010 0.0100988 0.0000000 0.0188645 0.0224148 0.0320477 0.0280473 0.0122592 0.0258134 0.0406332 0.3735947 
WB_Wooster_2024_30   0.0154567 0.0154567 0.0154125 0.0158645 0.0075134 0.0154825 0.0125997 0.0122313 0.0188314 0.0097207 0.0188645 0.0000000 0.0048046 0.0182741 0.0149712 0.0023674 0.0126933 0.0291813 0.3295492 
WB_Wooster_2024_33   0.0096120 0.0095706 0.0157303 0.0162308 0.0076696 0.0158305 0.0128723 0.0124311 0.0224148 0.0153273 0.0224148 0.0048046 0.0000000 0.0185747 0.0152938 0.0102019 0.0070731 0.0334970 0.3295492 
WB_Cleveland_2024_26 0.0248916 0.0247753 0.0247753 0.0322400 0.0223412 0.0249368 0.0216616 0.0208771 0.0323251 0.0239109 0.0320477 0.0182741 0.0185747 0.0000000 0.0023413 0.0248879 0.0217243 0.0166627 0.3869156 
WB_Wooster_2024_31   0.0211109 0.0211109 0.0210516 0.0279206 0.0186261 0.0211473 0.0180889 0.0175402 0.0279956 0.0205047 0.0280473 0.0149712 0.0152938 0.0023413 0.0000000 0.0211387 0.0182219 0.0105011 0.3869156 
WB_Cleveland_2024_23 0.0218720 0.0218720 0.0149418 0.0153640 0.0072957 0.0219112 0.0122247 0.0153310 0.0122592 0.0154190 0.0122592 0.0023674 0.0102019 0.0248879 0.0211387 0.0000000 0.0188670 0.0336551 0.3295492 
WB_Wooster_2024_35   0.0122494 0.0121961 0.0187559 0.0256439 0.0162430 0.0153963 0.0049010 0.0152150 0.0257649 0.0182917 0.0258134 0.0126933 0.0070731 0.0217243 0.0182219 0.0188670 0.0000000 0.0338248 0.3295492 
WB_Wooster_2024_28   0.0373730 0.0373730 0.0371858 0.0424171 0.0311360 0.0374501 0.0300939 0.0257098 0.0373577 0.0392784 0.0406332 0.0291813 0.0334970 0.0166627 0.0105011 0.0336551 0.0338248 0.0000000 0.3894867 
DQ176828.2           0.3735947 0.3735947 0.3735947 0.3582515 0.3295492 0.3735947 0.3295492 0.3303210 0.3735947 0.3735947 0.3735947 0.3295492 0.3295492 0.3869156 0.3869156 0.3295492 0.3295492 0.3894867 0.0000000 
