16
WB_Wooster_2024_28   0.0000000 0.0050488 0.0050551 0.0204946 0.0204932 0.0207171 0.0178735 0.0178735 0.0178960 0.0178735 0.0231653 0.0231946 0.0231653 0.0231653 0.0231653 0.0257531 
WB_Cleveland_2024_26 0.0050488 0.0000000 0.0000010 0.0152169 0.0152157 0.0153792 0.0126393 0.0126393 0.0126551 0.0126393 0.0178356 0.0178580 0.0178356 0.0178356 0.0178356 0.0203944 
WB_Wooster_2024_31   0.0050551 0.0000010 0.0000000 0.0152169 0.0152348 0.0153792 0.0126551 0.0126551 0.0126551 0.0126551 0.0178580 0.0178580 0.0178580 0.0178580 0.0178580 0.0204200 
WB_Cleveland_2024_24 0.0204946 0.0152169 0.0152169 0.0000000 0.0100802 0.0101754 0.0075362 0.0075362 0.0075362 0.0075362 0.0126593 0.0126593 0.0126593 0.0126593 0.0126593 0.0151991 
WB_Cleveland_2024_28 0.0204932 0.0152157 0.0152348 0.0100802 0.0000000 0.0000010 0.0075355 0.0075355 0.0075449 0.0075355 0.0126582 0.0126741 0.0126582 0.0126582 0.0126582 0.0151979 
WB_Wooster_2024_35   0.0207171 0.0153792 0.0153792 0.0101754 0.0000010 0.0000000 0.0076160 0.0076160 0.0076160 0.0076160 0.0127947 0.0127947 0.0127947 0.0127947 0.0127947 0.0153610 
WB_Cleveland_2024_23 0.0178735 0.0126393 0.0126551 0.0075362 0.0075355 0.0076160 0.0000000 0.0000010 0.0000010 0.0000010 0.0100944 0.0101070 0.0100399 0.0100944 0.0100399 0.0075353 
WB_Wooster_2024_30   0.0178735 0.0126393 0.0126551 0.0075362 0.0075355 0.0076160 0.0000010 0.0000000 0.0000010 0.0000010 0.0100944 0.0101070 0.0100399 0.0100944 0.0100399 0.0075353 
WB_Wooster_2024_33   0.0178960 0.0126551 0.0126551 0.0075362 0.0075449 0.0076160 0.0000010 0.0000010 0.0000000 0.0000010 0.0101070 0.0101070 0.0101070 0.0101070 0.0101070 0.0075447 
WB_Wooster_2024_36   0.0178735 0.0126393 0.0126551 0.0075362 0.0075355 0.0076160 0.0000010 0.0000010 0.0000010 0.0000000 0.0100944 0.0101070 0.0100944 0.0100944 0.0100944 0.0075353 
WB_Cleveland_2024_21 0.0231653 0.0178356 0.0178580 0.0126593 0.0126582 0.0127947 0.0100944 0.0100944 0.0101070 0.0100944 0.0000000 0.0000010 0.0000010 0.0000010 0.0000010 0.0025049 
WB_Cleveland_2024_22 0.0231946 0.0178580 0.0178580 0.0126593 0.0126741 0.0127947 0.0101070 0.0101070 0.0101070 0.0101070 0.0000010 0.0000000 0.0000010 0.0000010 0.0000010 0.0025081 
WB_Cleveland_2024_25 0.0231653 0.0178356 0.0178580 0.0126593 0.0126582 0.0127947 0.0100399 0.0100399 0.0101070 0.0100944 0.0000010 0.0000010 0.0000000 0.0000010 0.0000010 0.0025049 
WB_Cleveland_2024_27 0.0231653 0.0178356 0.0178580 0.0126593 0.0126582 0.0127947 0.0100944 0.0100944 0.0101070 0.0100944 0.0000010 0.0000010 0.0000010 0.0000000 0.0000010 0.0025049 
WB_Wooster_2024_34   0.0231653 0.0178356 0.0178580 0.0126593 0.0126582 0.0127947 0.0100399 0.0100399 0.0101070 0.0100944 0.0000010 0.0000010 0.0000010 0.0000010 0.0000000 0.0025049 
WB_Wooster_2024_29   0.0257531 0.0203944 0.0204200 0.0151991 0.0151979 0.0153610 0.0075353 0.0075353 0.0075447 0.0075353 0.0025049 0.0025081 0.0025049 0.0025049 0.0025049 0.0000000 
