60
Wooster_2024_1           0.0000000 0.0079357 0.0126159 0.0061449 0.0061449 0.0052045 0.0094851 0.0109707 0.0144425 0.0126341 0.0111415 0.0191253 0.0146405 0.0274350 0.0111938 0.0160559 0.0040320 0.0173528 0.0092867 0.0132278 0.0149954 0.0160825 0.0111246 0.0098709 0.0109109 0.0070208 0.0061581 0.0080561 0.0093190 0.0164701 0.0146872 0.0118122 0.0150575 0.0133453 0.0627950 0.0946457 0.0496029 0.0093779 0.0230095 0.0281338 0.0273308 0.0273571 0.0269683 0.0253645 0.0620656 0.0460339 0.0610646 0.0259198 0.0635185 0.0183940 0.0167823 0.0271748 0.0184456 0.0175133 0.0258965 0.0184430 0.0636560 0.0544234 0.0768160 0.3926925 
Wooster_2024_2           0.0079357 0.0000000 0.0095050 0.0061449 0.0061449 0.0052045 0.0078680 0.0062273 0.0046634 0.0095187 0.0063483 0.0230627 0.0145689 0.0192213 0.0062273 0.0146789 0.0040320 0.0118494 0.0062467 0.0032021 0.0048391 0.0051776 0.0030683 0.0031588 0.0094970 0.0070208 0.0061581 0.0114910 0.0093190 0.0146499 0.0095272 0.0065478 0.0187639 0.0132779 0.0540944 0.0583828 0.0547834 0.0079357 0.0172605 0.0246878 0.0271860 0.0272259 0.0332983 0.0272519 0.0398940 0.0509528 0.0397013 0.0239044 0.0288608 0.0115331 0.0073255 0.0052838 0.0090616 0.0076380 0.0058426 0.0184430 0.0548430 0.0296947 0.0669160 0.3305305 
Wooster_2024_3           0.0126159 0.0095050 0.0000000 0.0000010 0.0000010 0.0000010 0.0015166 0.0045586 0.0045667 0.0000010 0.0046273 0.0154284 0.0108155 0.0193346 0.0030664 0.0126228 0.0061050 0.0135559 0.0092490 0.0079932 0.0063507 0.0033460 0.0093929 0.0114915 0.0108657 0.0088472 0.0082889 0.0114407 0.0112787 0.0218644 0.0128536 0.0082465 0.0186738 0.0174498 0.0619157 0.0938365 0.0601890 0.0126159 0.0208769 0.0166068 0.0311037 0.0270783 0.0250125 0.0271037 0.0618823 0.0560803 0.0557813 0.0130459 0.0541768 0.0129227 0.0053990 0.0231603 0.0146897 0.0056250 0.0230829 0.0112114 0.0601634 0.0348131 0.0893352 0.3581292 
ON210047_Wooster_2021_2  0.0061449 0.0061449 0.0000010 0.0000000 0.0000010 0.0000010 0.0000010 0.0000010 0.0000010 0.0000010 0.0000010 0.0000010 0.0000010 0.0000010 0.0000010 0.0061421 0.0061421 0.0061421 0.0061421 0.0061421 0.0040588 0.0000010 0.0040610 0.0061449 0.0082619 0.0082619 0.0085740 0.0082619 0.0082619 0.0082619 0.0082619 0.0082619 0.0082619 0.0042362 0.0061421 0.0082619 0.0082619 0.0061449 0.0082619 0.0000010 0.0082619 0.0040610 0.0000010 0.0061421 0.0000010 0.0082619 0.0020150 0.0000010 0.0000010 0.0082619 0.0020762 0.0082619 0.0127584 0.0021770 0.0064967 0.0123474 0.0278245 0.0129505 0.0339712 0.3215153 
ON210050_Wooster_2021_5  0.0061449 0.0061449 0.0000010 0.0000010 0.0000000 0.0000010 0.0000010 0.0000010 0.0000010 0.0000010 0.0000010 0.0000010 0.0000010 0.0000010 0.0000010 0.0061421 0.0061421 0.0061421 0.0061421 0.0061421 0.0040588 0.0000010 0.0040610 0.0061449 0.0082619 0.0082619 0.0085740 0.0082619 0.0082619 0.0082619 0.0082619 0.0082619 0.0082619 0.0042362 0.0061421 0.0082619 0.0082619 0.0061449 0.0082619 0.0000010 0.0082619 0.0040610 0.0000010 0.0061421 0.0000010 0.0082619 0.0020150 0.0000010 0.0000010 0.0082619 0.0020762 0.0082619 0.0127584 0.0021770 0.0064967 0.0123474 0.0278245 0.0129505 0.0339712 0.3215153 
MT826975.1_Canada_2018   0.0052045 0.0052045 0.0000010 0.0000010 0.0000010 0.0000000 0.0000010 0.0000010 0.0000010 0.0000010 0.0000010 0.0000010 0.0000010 0.0000010 0.0000010 0.0052025 0.0061050 0.0052025 0.0052025 0.0052025 0.0034425 0.0000010 0.0034441 0.0069910 0.0088008 0.0091312 0.0082889 0.0088008 0.0112787 0.0088008 0.0088008 0.0088184 0.0088008 0.0057938 0.0052025 0.0088008 0.0088008 0.0052045 0.0088008 0.0000010 0.0088008 0.0053095 0.0000010 0.0052025 0.0000010 0.0088008 0.0017109 0.0000010 0.0000010 0.0088008 0.0019235 0.0076270 0.0117982 0.0020097 0.0059996 0.0112807 0.0324870 0.0119615 0.0379001 0.3973938 
Wooster_2024_15          0.0094851 0.0078680 0.0015166 0.0000010 0.0000010 0.0000010 0.0000000 0.0015230 0.0030839 0.0015187 0.0015460 0.0136151 0.0089424 0.0174503 0.0015230 0.0128207 0.0061050 0.0135559 0.0061816 0.0048076 0.0031829 0.0000010 0.0078165 0.0097823 0.0077812 0.0088472 0.0082889 0.0097393 0.0112787 0.0200466 0.0111719 0.0082465 0.0168579 0.0153860 0.0593896 0.0637886 0.0576732 0.0094851 0.0190030 0.0151372 0.0290672 0.0250862 0.0230576 0.0251137 0.0353011 0.0536817 0.0351400 0.0147725 0.0288290 0.0131938 0.0017774 0.0108471 0.0108847 0.0018507 0.0119097 0.0112114 0.0576416 0.0225767 0.0876652 0.3504601 
Wooster_2024_19          0.0109707 0.0062273 0.0045586 0.0000010 0.0000010 0.0000010 0.0015230 0.0000000 0.0030239 0.0045649 0.0015160 0.0155100 0.0070663 0.0155181 0.0000010 0.0142978 0.0061050 0.0135559 0.0076610 0.0096985 0.0080260 0.0050767 0.0061551 0.0080620 0.0092573 0.0088472 0.0082889 0.0114967 0.0112787 0.0181677 0.0094726 0.0082465 0.0187734 0.0132855 0.0565065 0.0835067 0.0548131 0.0109707 0.0190030 0.0185789 0.0312956 0.0272403 0.0251586 0.0272662 0.0609666 0.0509796 0.0534246 0.0166118 0.0529927 0.0147045 0.0052909 0.0226673 0.0143917 0.0055082 0.0255570 0.0112114 0.0547754 0.0375743 0.0844656 0.3698475 
Wooster_2024_9           0.0144425 0.0046634 0.0045667 0.0000010 0.0000010 0.0000010 0.0030839 0.0030239 0.0000000 0.0045724 0.0030641 0.0155350 0.0070811 0.0137738 0.0015259 0.0160878 0.0061050 0.0135559 0.0109746 0.0079932 0.0063507 0.0033460 0.0046094 0.0080620 0.0126314 0.0088472 0.0082889 0.0133117 0.0112787 0.0164954 0.0111255 0.0082465 0.0188014 0.0133104 0.0565258 0.0870550 0.0548344 0.0126962 0.0190030 0.0186058 0.0251038 0.0272746 0.0273360 0.0294969 0.0654288 0.0537043 0.0562195 0.0166369 0.0541768 0.0129227 0.0053990 0.0231603 0.0146897 0.0056250 0.0230829 0.0112114 0.0547972 0.0348131 0.0893352 0.3581292 
Wooster_2024_4           0.0126341 0.0095187 0.0000010 0.0000010 0.0000010 0.0000010 0.0015187 0.0045649 0.0045724 0.0000000 0.0046337 0.0154284 0.0108155 0.0193652 0.0030707 0.0126410 0.0061050 0.0135768 0.0092620 0.0080048 0.0063599 0.0033511 0.0094063 0.0115087 0.0108811 0.0088472 0.0082889 0.0114577 0.0112787 0.0218973 0.0128723 0.0082589 0.0187025 0.0174498 0.0590792 0.0910279 0.0578095 0.0126341 0.0209097 0.0166318 0.0311543 0.0271222 0.0250527 0.0271483 0.0595088 0.0538039 0.0535102 0.0130652 0.0542719 0.0129426 0.0054079 0.0232009 0.0147141 0.0056346 0.0231265 0.0112114 0.0602724 0.0348808 0.0895664 0.3593485 
Wooster_2024_11          0.0111415 0.0063483 0.0046273 0.0000010 0.0000010 0.0000010 0.0015460 0.0015160 0.0030641 0.0046337 0.0000000 0.0101849 0.0017745 0.0142066 0.0015460 0.0077801 0.0061050 0.0135559 0.0077774 0.0096985 0.0080260 0.0050767 0.0047385 0.0082404 0.0093989 0.0088472 0.0082889 0.0116841 0.0112787 0.0169907 0.0097208 0.0082465 0.0116841 0.0076312 0.0506984 0.0772945 0.0489885 0.0061850 0.0190030 0.0115625 0.0233991 0.0214452 0.0256080 0.0277587 0.0621934 0.0531476 0.0466859 0.0063569 0.0529927 0.0147045 0.0052909 0.0226673 0.0143917 0.0055082 0.0255570 0.0112114 0.0489389 0.0375743 0.0844656 0.3698475 
Cleveland_2024_1         0.0191253 0.0230627 0.0154284 0.0000010 0.0000010 0.0000010 0.0136151 0.0155100 0.0155350 0.0154284 0.0101849 0.0000000 0.0034623 0.0172704 0.0155100 0.0170901 0.0061050 0.0243881 0.0191174 0.0141194 0.0122628 0.0092843 0.0230528 0.0192767 0.0229224 0.0088472 0.0082889 0.0229224 0.0112787 0.0289861 0.0229917 0.0179486 0.0189330 0.0092873 0.0082000 0.0116420 0.0189239 0.0134783 0.0306408 0.0263258 0.0291420 0.0118832 0.0117737 0.0171716 0.0117737 0.0171539 0.0099757 0.0135523 0.0084638 0.0236819 0.0118780 0.0176473 0.0222514 0.0124285 0.0164800 0.0112114 0.0461181 0.0225960 0.0533423 0.4384040 
Cleveland_2024_12        0.0146405 0.0145689 0.0108155 0.0000010 0.0000010 0.0000010 0.0089424 0.0070663 0.0070811 0.0108155 0.0017745 0.0034623 0.0000000 0.0070669 0.0070663 0.0125834 0.0061050 0.0155252 0.0146343 0.0054638 0.0036140 0.0000010 0.0107613 0.0052786 0.0185784 0.0090326 0.0082889 0.0185784 0.0115552 0.0165095 0.0107426 0.0092498 0.0144905 0.0054590 0.0052059 0.0088084 0.0088084 0.0088520 0.0218219 0.0200449 0.0249945 0.0070275 0.0089424 0.0146343 0.0089424 0.0145628 0.0052360 0.0071772 0.0000010 0.0150540 0.0020502 0.0081249 0.0125947 0.0021484 0.0064118 0.0121636 0.0252459 0.0127815 0.0369208 0.3596389 
Cleveland_2024_13        0.0274350 0.0192213 0.0193346 0.0000010 0.0000010 0.0000010 0.0174503 0.0155181 0.0137738 0.0193652 0.0142066 0.0172704 0.0070669 0.0000000 0.0155181 0.0336602 0.0061050 0.0290720 0.0231637 0.0182070 0.0162634 0.0134371 0.0155038 0.0194919 0.0271149 0.0088472 0.0082889 0.0273653 0.0112787 0.0251283 0.0232469 0.0222238 0.0361474 0.0132866 0.0411840 0.0426542 0.0465465 0.0294819 0.0356176 0.0359215 0.0242743 0.0348175 0.0175343 0.0149261 0.0218922 0.0419313 0.0276013 0.0301381 0.0122708 0.0282092 0.0164045 0.0223217 0.0272332 0.0171936 0.0165150 0.0112114 0.0647090 0.0176056 0.0688073 0.4377316 
Wooster_2024_12          0.0111938 0.0062273 0.0030664 0.0000010 0.0000010 0.0000010 0.0015230 0.0000010 0.0015259 0.0030707 0.0015460 0.0155100 0.0070663 0.0155181 0.0000000 0.0145922 0.0061050 0.0135559 0.0078133 0.0048076 0.0031829 0.0000010 0.0061871 0.0080620 0.0094425 0.0088472 0.0082889 0.0114967 0.0112787 0.0181677 0.0094726 0.0082465 0.0187734 0.0132855 0.0565065 0.0608338 0.0548131 0.0111938 0.0190030 0.0170270 0.0312956 0.0272403 0.0251586 0.0272662 0.0376792 0.0509796 0.0375014 0.0166118 0.0288290 0.0131938 0.0017774 0.0108471 0.0108847 0.0018507 0.0119097 0.0112114 0.0547754 0.0225767 0.0876652 0.3504601 
Wooster_2024_6           0.0160559 0.0146789 0.0126228 0.0061421 0.0061421 0.0052025 0.0128207 0.0142978 0.0160878 0.0126410 0.0077801 0.0170901 0.0125834 0.0336602 0.0145922 0.0000000 0.0000010 0.0082894 0.0092917 0.0047474 0.0096950 0.0103745 0.0145004 0.0114872 0.0142173 0.0070181 0.0061553 0.0168415 0.0093151 0.0277462 0.0145528 0.0065454 0.0097350 0.0112282 0.0489491 0.0799437 0.0519732 0.0060644 0.0189842 0.0261601 0.0356529 0.0209512 0.0399439 0.0294635 0.0798288 0.0643920 0.0546129 0.0112250 0.0601233 0.0129681 0.0108162 0.0205930 0.0124877 0.0112703 0.0231969 0.0184329 0.0472405 0.0453300 0.0805161 0.3681547 
ON210049_Wooster_2021_4  0.0040320 0.0040320 0.0061050 0.0061421 0.0061421 0.0061050 0.0061050 0.0061050 0.0061050 0.0061050 0.0061050 0.0061050 0.0061050 0.0061050 0.0061050 0.0000010 0.0000000 0.0000010 0.0000010 0.0000010 0.0061022 0.0061050 0.0019986 0.0040320 0.0060984 0.0060984 0.0063373 0.0060984 0.0060984 0.0060984 0.0060984 0.0060984 0.0060984 0.0020874 0.0000010 0.0060984 0.0060984 0.0040320 0.0060984 0.0061050 0.0060984 0.0019986 0.0061050 0.0000010 0.0061050 0.0060984 0.0082167 0.0061050 0.0061050 0.0060984 0.0085080 0.0060984 0.0105049 0.0089323 0.0042776 0.0203079 0.0201207 0.0199097 0.0306744 0.3153697 
Wooster_2024_17          0.0173528 0.0118494 0.0135559 0.0061421 0.0061421 0.0052025 0.0135559 0.0135559 0.0135559 0.0135768 0.0135559 0.0243881 0.0155252 0.0290720 0.0135559 0.0082894 0.0000010 0.0000000 0.0100142 0.0000010 0.0048059 0.0051399 0.0100180 0.0138885 0.0153449 0.0149138 0.0061553 0.0178590 0.0093151 0.0232999 0.0153449 0.0065454 0.0178590 0.0141886 0.0553779 0.0652096 0.0587666 0.0117708 0.0079203 0.0062992 0.0309452 0.0288275 0.0426778 0.0314215 0.0577704 0.0632018 0.0491621 0.0192857 0.0418414 0.0081064 0.0072702 0.0089610 0.0089930 0.0075779 0.0098324 0.0184329 0.0535456 0.0294366 0.0835444 0.3490829 
Cleveland_2024_4         0.0092867 0.0062467 0.0092490 0.0061421 0.0061421 0.0052025 0.0061816 0.0076610 0.0109746 0.0092620 0.0077774 0.0191174 0.0146343 0.0231637 0.0078133 0.0092917 0.0000010 0.0100142 0.0000000 0.0063713 0.0113847 0.0121883 0.0077661 0.0080884 0.0076209 0.0070181 0.0061553 0.0080532 0.0093151 0.0182346 0.0111576 0.0065454 0.0150516 0.0133394 0.0543818 0.0869391 0.0551305 0.0092867 0.0189764 0.0239914 0.0270293 0.0230980 0.0289790 0.0192923 0.0664068 0.0512594 0.0586095 0.0200918 0.0610203 0.0146851 0.0127086 0.0209136 0.0143711 0.0132462 0.0255125 0.0184329 0.0502528 0.0479812 0.0821735 0.3668069 
GQ254793.1_Iowa_USA_2007 0.0132278 0.0032021 0.0079932 0.0061421 0.0061421 0.0052025 0.0048076 0.0096985 0.0079932 0.0080048 0.0096985 0.0141194 0.0054638 0.0182070 0.0048076 0.0047474 0.0000010 0.0000010 0.0063713 0.0000000 0.0047122 0.0050326 0.0015716 0.0049198 0.0113833 0.0071821 0.0061553 0.0084221 0.0093151 0.0135293 0.0064487 0.0065454 0.0084221 0.0037934 0.0417477 0.0699166 0.0447113 0.0080221 0.0064487 0.0063345 0.0200004 0.0180414 0.0304719 0.0202577 0.0649640 0.0488593 0.0551202 0.0099374 0.0575178 0.0096491 0.0110998 0.0211633 0.0128123 0.0115788 0.0181314 0.0184329 0.0399802 0.0388632 0.0943074 0.3326287 
GQ254798.1               0.0149954 0.0048391 0.0063507 0.0040588 0.0040588 0.0034425 0.0031829 0.0080260 0.0063507 0.0063599 0.0080260 0.0122628 0.0036140 0.0162634 0.0031829 0.0096950 0.0061022 0.0048059 0.0113847 0.0047122 0.0000000 0.0033308 0.0031664 0.0066097 0.0096992 0.0053512 0.0040725 0.0066960 0.0074021 0.0117668 0.0048079 0.0048796 0.0066960 0.0057406 0.0488563 0.0672719 0.0423976 0.0096985 0.0048079 0.0047186 0.0180686 0.0200091 0.0283507 0.0263855 0.0623136 0.0465203 0.0526824 0.0082235 0.0550515 0.0079937 0.0091775 0.0191038 0.0109099 0.0095702 0.0203292 0.0159770 0.0470811 0.0363928 0.0985084 0.3203212 
OL376665.1_Germany_2018  0.0160825 0.0051776 0.0033460 0.0000010 0.0000010 0.0000010 0.0000010 0.0050767 0.0033460 0.0033511 0.0050767 0.0092843 0.0000010 0.0134371 0.0000010 0.0103745 0.0061050 0.0051399 0.0121883 0.0050326 0.0033308 0.0000000 0.0033837 0.0070841 0.0121941 0.0077509 0.0083205 0.0090449 0.0077338 0.0145334 0.0069042 0.0070146 0.0090449 0.0041123 0.0532462 0.0766990 0.0487391 0.0103786 0.0069042 0.0016566 0.0216022 0.0216035 0.0261895 0.0285667 0.0624790 0.0532590 0.0521313 0.0052106 0.0546720 0.0103271 0.0054260 0.0233025 0.0147703 0.0056544 0.0203391 0.0112114 0.0486845 0.0316033 0.0986009 0.2994105 
Wooster_2024_7           0.0111246 0.0030683 0.0093929 0.0040610 0.0040610 0.0034441 0.0078165 0.0061551 0.0046094 0.0094063 0.0047385 0.0230528 0.0107613 0.0155038 0.0061871 0.0145004 0.0019986 0.0100180 0.0077661 0.0015716 0.0031664 0.0033837 0.0000000 0.0031578 0.0093851 0.0052264 0.0040696 0.0114866 0.0073973 0.0112421 0.0062289 0.0048768 0.0187564 0.0093328 0.0516438 0.0618159 0.0499669 0.0111246 0.0153212 0.0227956 0.0271739 0.0272137 0.0332828 0.0272398 0.0535614 0.0463549 0.0509480 0.0223528 0.0392128 0.0096999 0.0053806 0.0108853 0.0071008 0.0056050 0.0077542 0.0159871 0.0499199 0.0269334 0.0789088 0.3320739 
Wooster_2023_2           0.0098709 0.0031588 0.0114915 0.0061449 0.0061449 0.0069910 0.0097823 0.0080620 0.0080620 0.0115087 0.0082404 0.0192767 0.0052786 0.0194919 0.0080620 0.0114872 0.0040320 0.0138885 0.0080884 0.0049198 0.0066097 0.0070841 0.0031578 0.0000000 0.0114815 0.0070208 0.0061581 0.0133868 0.0093190 0.0132209 0.0080551 0.0083318 0.0151748 0.0036596 0.0336857 0.0348476 0.0364830 0.0047900 0.0194779 0.0218453 0.0252573 0.0232932 0.0246508 0.0234492 0.0252539 0.0471300 0.0206142 0.0189446 0.0134088 0.0135095 0.0094114 0.0072332 0.0111714 0.0098247 0.0080209 0.0209432 0.0414086 0.0296506 0.0682758 0.3341919 
Wooster_2024_8           0.0109109 0.0094970 0.0108657 0.0082619 0.0082619 0.0088008 0.0077812 0.0092573 0.0126314 0.0108811 0.0093989 0.0229224 0.0185784 0.0271149 0.0094425 0.0142173 0.0060984 0.0153449 0.0076209 0.0113833 0.0096992 0.0121941 0.0093851 0.0114815 0.0000000 0.0000010 0.0000010 0.0015665 0.0018060 0.0112946 0.0030845 0.0000010 0.0081318 0.0133464 0.0618467 0.0729428 0.0455664 0.0109109 0.0099978 0.0258965 0.0192667 0.0270521 0.0330756 0.0270772 0.0705532 0.0421273 0.0626380 0.0237639 0.0650741 0.0063078 0.0127149 0.0146232 0.0069775 0.0132531 0.0255279 0.0209337 0.0551241 0.0480120 0.0843305 0.3430167 
Wooster_2023_1           0.0070208 0.0070208 0.0088472 0.0082619 0.0082619 0.0091312 0.0088472 0.0088472 0.0088472 0.0088472 0.0088472 0.0088472 0.0090326 0.0088472 0.0088472 0.0070181 0.0060984 0.0149138 0.0070181 0.0071821 0.0053512 0.0077509 0.0052264 0.0070208 0.0000010 0.0000000 0.0000010 0.0000010 0.0018097 0.0000010 0.0000010 0.0000010 0.0000010 0.0037036 0.0070181 0.0000010 0.0000010 0.0070208 0.0072293 0.0169273 0.0000010 0.0052264 0.0088472 0.0070181 0.0088472 0.0000010 0.0107028 0.0088472 0.0088650 0.0053093 0.0103583 0.0000010 0.0039558 0.0108610 0.0062498 0.0221326 0.0253576 0.0215199 0.0356971 0.3382542 
ON210048_Wooster_2021_3  0.0061581 0.0061581 0.0082889 0.0085740 0.0085740 0.0082889 0.0082889 0.0082889 0.0082889 0.0082889 0.0082889 0.0082889 0.0082889 0.0082889 0.0082889 0.0061553 0.0063373 0.0061553 0.0061553 0.0061553 0.0040725 0.0083205 0.0040696 0.0061581 0.0000010 0.0000010 0.0000000 0.0000010 0.0000010 0.0000010 0.0000010 0.0000010 0.0000010 0.0040925 0.0061553 0.0000010 0.0000010 0.0061581 0.0000010 0.0082889 0.0000010 0.0040696 0.0082889 0.0061553 0.0082889 0.0000010 0.0104597 0.0082889 0.0082889 0.0000010 0.0111759 0.0000010 0.0042530 0.0117635 0.0067464 0.0242318 0.0278915 0.0232883 0.0320539 0.3374557 
Cleveland_2024_20        0.0080561 0.0114910 0.0114407 0.0082619 0.0082619 0.0088008 0.0097393 0.0114967 0.0133117 0.0114577 0.0116841 0.0229224 0.0185784 0.0273653 0.0114967 0.0168415 0.0060984 0.0178590 0.0080532 0.0084221 0.0066960 0.0090449 0.0114866 0.0133868 0.0015665 0.0000010 0.0000010 0.0000000 0.0018060 0.0080906 0.0048243 0.0016402 0.0064331 0.0133464 0.0401978 0.0329941 0.0254678 0.0132832 0.0122048 0.0273758 0.0175653 0.0211206 0.0131733 0.0173798 0.0190189 0.0309712 0.0167729 0.0263371 0.0116896 0.0066478 0.0115511 0.0017903 0.0055317 0.0120708 0.0146221 0.0209337 0.0545413 0.0325939 0.0577697 0.3386292 
ON210046_Wooster_2021_1  0.0093190 0.0093190 0.0112787 0.0082619 0.0082619 0.0112787 0.0112787 0.0112787 0.0112787 0.0112787 0.0112787 0.0112787 0.0115552 0.0112787 0.0112787 0.0093151 0.0060984 0.0093151 0.0093151 0.0093151 0.0074021 0.0077338 0.0073973 0.0093190 0.0018060 0.0018097 0.0000010 0.0018060 0.0000000 0.0018060 0.0018060 0.0018060 0.0018060 0.0059341 0.0093151 0.0018060 0.0018060 0.0093190 0.0018060 0.0112787 0.0018060 0.0073973 0.0112787 0.0093151 0.0112787 0.0018060 0.0132704 0.0112787 0.0112787 0.0018060 0.0103340 0.0000010 0.0039469 0.0108341 0.0062350 0.0220708 0.0291884 0.0214672 0.0355857 0.3191731 
Cleveland_2024_15        0.0164701 0.0146499 0.0218644 0.0082619 0.0082619 0.0088008 0.0200466 0.0181677 0.0164954 0.0218973 0.0169907 0.0289861 0.0165095 0.0251283 0.0181677 0.0277462 0.0060984 0.0232999 0.0182346 0.0135293 0.0117668 0.0145334 0.0112421 0.0132209 0.0112946 0.0000010 0.0000010 0.0080906 0.0018060 0.0000000 0.0079865 0.0065907 0.0151283 0.0112914 0.0520733 0.0415548 0.0382634 0.0239418 0.0175070 0.0379197 0.0213752 0.0357137 0.0344557 0.0357278 0.0392249 0.0351485 0.0410424 0.0323171 0.0208052 0.0116883 0.0173988 0.0071969 0.0111154 0.0181850 0.0187186 0.0209337 0.0579823 0.0395228 0.0839349 0.3626036 
Wooster_2024_13          0.0146872 0.0095272 0.0128536 0.0082619 0.0082619 0.0088008 0.0111719 0.0094726 0.0111255 0.0128723 0.0097208 0.0229917 0.0107426 0.0232469 0.0094726 0.0145528 0.0060984 0.0153449 0.0111576 0.0064487 0.0048079 0.0069042 0.0062289 0.0080551 0.0030845 0.0000010 0.0000010 0.0048243 0.0018060 0.0079865 0.0000000 0.0000010 0.0081591 0.0055059 0.0513888 0.0418129 0.0361508 0.0111665 0.0099978 0.0250607 0.0174443 0.0271317 0.0378444 0.0315966 0.0516189 0.0378501 0.0460893 0.0222969 0.0391799 0.0047741 0.0091585 0.0035021 0.0035157 0.0095495 0.0118972 0.0209337 0.0450439 0.0318046 0.0875201 0.3236555 
MW475673.1_Belgium_2019  0.0118122 0.0065478 0.0082465 0.0082619 0.0082619 0.0088184 0.0082465 0.0082465 0.0082465 0.0082589 0.0082465 0.0179486 0.0092498 0.0222238 0.0082465 0.0065454 0.0060984 0.0065454 0.0065454 0.0065454 0.0048796 0.0070146 0.0048768 0.0083318 0.0000010 0.0000010 0.0000010 0.0016402 0.0018060 0.0065907 0.0000010 0.0000000 0.0016402 0.0037953 0.0442484 0.0347786 0.0355538 0.0065478 0.0000010 0.0082465 0.0123875 0.0220284 0.0349383 0.0285322 0.0375778 0.0395946 0.0304014 0.0134815 0.0275496 0.0000010 0.0093132 0.0000010 0.0035730 0.0097177 0.0120924 0.0209892 0.0402273 0.0324206 0.0752555 0.3235814 
Cleveland_2024_17        0.0150575 0.0187639 0.0186738 0.0082619 0.0082619 0.0088008 0.0168579 0.0187734 0.0188014 0.0187025 0.0116841 0.0189330 0.0144905 0.0361474 0.0187734 0.0097350 0.0060984 0.0178590 0.0150516 0.0084221 0.0066960 0.0090449 0.0187564 0.0151748 0.0081318 0.0000010 0.0000010 0.0064331 0.0018060 0.0151283 0.0081591 0.0016402 0.0000000 0.0092880 0.0354131 0.0285869 0.0212890 0.0097393 0.0122048 0.0297424 0.0236043 0.0171786 0.0205275 0.0253293 0.0269964 0.0398916 0.0131165 0.0185860 0.0116896 0.0066478 0.0115511 0.0017903 0.0055317 0.0120708 0.0146221 0.0209337 0.0488673 0.0325939 0.0577697 0.3386292 
Cleveland_2024_9         0.0133453 0.0132779 0.0174498 0.0042362 0.0042362 0.0057938 0.0153860 0.0132855 0.0133104 0.0174498 0.0076312 0.0092873 0.0054590 0.0132866 0.0132855 0.0112282 0.0020874 0.0141886 0.0133394 0.0037934 0.0057406 0.0041123 0.0093328 0.0036596 0.0133464 0.0037036 0.0040925 0.0133464 0.0059341 0.0112914 0.0055059 0.0037953 0.0092880 0.0000000 0.0036074 0.0036091 0.0036091 0.0073659 0.0163252 0.0282486 0.0197553 0.0054810 0.0153860 0.0133394 0.0153860 0.0093328 0.0112403 0.0135041 0.0056152 0.0096550 0.0066243 0.0042132 0.0087212 0.0069679 0.0022204 0.0185907 0.0199524 0.0184039 0.0258619 0.3410372 
Cleveland_2024_10        0.0627950 0.0540944 0.0619157 0.0061421 0.0061421 0.0052025 0.0593896 0.0565065 0.0565258 0.0590792 0.0506984 0.0082000 0.0052059 0.0411840 0.0565065 0.0489491 0.0000010 0.0553779 0.0543818 0.0417477 0.0488563 0.0532462 0.0516438 0.0336857 0.0618467 0.0070181 0.0061553 0.0401978 0.0093151 0.0520733 0.0513888 0.0442484 0.0354131 0.0036074 0.0000000 0.0207807 0.0409174 0.0489215 0.0685240 0.0790114 0.0539678 0.0273350 0.0569592 0.0417168 0.0772078 0.0290002 0.0665638 0.0524939 0.0650222 0.0586582 0.0597864 0.0612506 0.0612842 0.0631870 0.0481318 0.0184329 0.0812713 0.0767798 0.1676723 0.5903497 
Cleveland_2024_11        0.0946457 0.0583828 0.0938365 0.0082619 0.0082619 0.0088008 0.0637886 0.0835067 0.0870550 0.0910279 0.0772945 0.0116420 0.0088084 0.0426542 0.0608338 0.0799437 0.0060984 0.0652096 0.0869391 0.0699166 0.0672719 0.0766990 0.0618159 0.0348476 0.0729428 0.0000010 0.0000010 0.0329941 0.0018060 0.0415548 0.0418129 0.0347786 0.0285869 0.0036091 0.0207807 0.0000000 0.0292526 0.0744743 0.0572077 0.1123621 0.0463195 0.0285984 0.0599780 0.0563392 0.0818855 0.0208143 0.0877863 0.0543371 0.0948462 0.0731814 0.0889540 0.0903226 0.0770860 0.0946128 0.0870729 0.0209337 0.0936956 0.1352532 0.2326935 0.6227832 
Cleveland_2024_16        0.0496029 0.0547834 0.0601890 0.0082619 0.0082619 0.0088008 0.0576732 0.0548131 0.0548344 0.0578095 0.0489885 0.0189239 0.0088084 0.0465465 0.0548131 0.0519732 0.0060984 0.0587666 0.0551305 0.0447113 0.0423976 0.0487391 0.0499669 0.0364830 0.0455664 0.0000010 0.0000010 0.0254678 0.0018060 0.0382634 0.0361508 0.0355538 0.0212890 0.0036091 0.0409174 0.0292526 0.0000000 0.0472637 0.0509102 0.0770729 0.0455504 0.0336213 0.0473408 0.0524815 0.0536570 0.0306337 0.0453283 0.0556785 0.0464531 0.0422230 0.0549013 0.0395329 0.0454493 0.0579970 0.0564923 0.0209337 0.0775071 0.0804144 0.1129997 0.5266480 
Wooster_2024_5           0.0093779 0.0079357 0.0126159 0.0061449 0.0061449 0.0052045 0.0094851 0.0109707 0.0126962 0.0126341 0.0061850 0.0134783 0.0088520 0.0294819 0.0111938 0.0060644 0.0040320 0.0117708 0.0092867 0.0080221 0.0096985 0.0103786 0.0111246 0.0047900 0.0109109 0.0070208 0.0061581 0.0132832 0.0093190 0.0239418 0.0111665 0.0065478 0.0097393 0.0073659 0.0489215 0.0744743 0.0472637 0.0000000 0.0171441 0.0223469 0.0314358 0.0172045 0.0356102 0.0294458 0.0743731 0.0593384 0.0499903 0.0146282 0.0601564 0.0129730 0.0108206 0.0206022 0.0124928 0.0112752 0.0186708 0.0184430 0.0472134 0.0453570 0.0768160 0.3569370 
Wooster_2024_20          0.0230095 0.0172605 0.0208769 0.0082619 0.0082619 0.0088008 0.0190030 0.0190030 0.0190030 0.0209097 0.0190030 0.0306408 0.0218219 0.0356176 0.0190030 0.0189842 0.0060984 0.0079203 0.0189764 0.0064487 0.0048079 0.0069042 0.0153212 0.0194779 0.0099978 0.0072293 0.0000010 0.0122048 0.0018060 0.0175070 0.0099978 0.0000010 0.0122048 0.0163252 0.0685240 0.0572077 0.0509102 0.0171441 0.0000000 0.0079162 0.0245346 0.0353377 0.0497926 0.0427746 0.0655367 0.0552447 0.0564297 0.0270026 0.0463116 0.0015777 0.0091585 0.0035021 0.0035157 0.0095495 0.0118972 0.0209337 0.0612845 0.0318046 0.0875201 0.3236555 
Wooster_2024_16          0.0281338 0.0246878 0.0166068 0.0000010 0.0000010 0.0000010 0.0151372 0.0185789 0.0186058 0.0166318 0.0115625 0.0263258 0.0200449 0.0359215 0.0170270 0.0261601 0.0061050 0.0062992 0.0239914 0.0063345 0.0047186 0.0016566 0.0227956 0.0218453 0.0258965 0.0169273 0.0082889 0.0273758 0.0112787 0.0379197 0.0250607 0.0082465 0.0297424 0.0282486 0.0790114 0.1123621 0.0770729 0.0223469 0.0079162 0.0000000 0.0467286 0.0398093 0.0443292 0.0469193 0.0859461 0.0805128 0.0698999 0.0228807 0.0595912 0.0096187 0.0054079 0.0232022 0.0147146 0.0056347 0.0207216 0.0112114 0.0770957 0.0322043 0.0895949 0.3475110 
Cleveland_2024_5         0.0273308 0.0271860 0.0311037 0.0082619 0.0082619 0.0088008 0.0290672 0.0312956 0.0251038 0.0311543 0.0233991 0.0291420 0.0249945 0.0242743 0.0312956 0.0356529 0.0060984 0.0309452 0.0270293 0.0200004 0.0180686 0.0216022 0.0271739 0.0252573 0.0192667 0.0000010 0.0000010 0.0175653 0.0018060 0.0213752 0.0174443 0.0123875 0.0236043 0.0197553 0.0539678 0.0463195 0.0455504 0.0314358 0.0245346 0.0467286 0.0000000 0.0445882 0.0380678 0.0168039 0.0439948 0.0455068 0.0380508 0.0470606 0.0236232 0.0179527 0.0251958 0.0136179 0.0180612 0.0264353 0.0185667 0.0209337 0.0737750 0.0260200 0.0894231 0.4081362 
Cleveland_2024_19        0.0273571 0.0272259 0.0270783 0.0040610 0.0040610 0.0053095 0.0250862 0.0272403 0.0272746 0.0271222 0.0214452 0.0118832 0.0070275 0.0348175 0.0272403 0.0209512 0.0019986 0.0288275 0.0230980 0.0180414 0.0200091 0.0216035 0.0272137 0.0232932 0.0270521 0.0052264 0.0040696 0.0211206 0.0073973 0.0357137 0.0271317 0.0220284 0.0171786 0.0054810 0.0273350 0.0285984 0.0336213 0.0172045 0.0353377 0.0398093 0.0445882 0.0000000 0.0250862 0.0300964 0.0254403 0.0498496 0.0228767 0.0229885 0.0194994 0.0279755 0.0252127 0.0221070 0.0269795 0.0264596 0.0220391 0.0189378 0.0641937 0.0475457 0.0735794 0.4434729 
Cleveland_2024_6         0.0269683 0.0332983 0.0250125 0.0000010 0.0000010 0.0000010 0.0230576 0.0251586 0.0273360 0.0250527 0.0256080 0.0117737 0.0089424 0.0175343 0.0251586 0.0399439 0.0061050 0.0426778 0.0289790 0.0304719 0.0283507 0.0261895 0.0332828 0.0246508 0.0330756 0.0088472 0.0082889 0.0131733 0.0112787 0.0344557 0.0378444 0.0349383 0.0205275 0.0153860 0.0569592 0.0599780 0.0473408 0.0356102 0.0497926 0.0443292 0.0380678 0.0250862 0.0000000 0.0291415 0.0270197 0.0437748 0.0185045 0.0336945 0.0173783 0.0413754 0.0302165 0.0362548 0.0418667 0.0317524 0.0409274 0.0112114 0.0994571 0.0523882 0.0810564 0.5011649 
Cleveland_2024_2         0.0253645 0.0272519 0.0271037 0.0061421 0.0061421 0.0052025 0.0251137 0.0272662 0.0294969 0.0271483 0.0277587 0.0171716 0.0146343 0.0149261 0.0272662 0.0294635 0.0000010 0.0314215 0.0192923 0.0202577 0.0263855 0.0285667 0.0272398 0.0234492 0.0270772 0.0070181 0.0061553 0.0173798 0.0093151 0.0357278 0.0315966 0.0285322 0.0253293 0.0133394 0.0417168 0.0563392 0.0524815 0.0294458 0.0427746 0.0469193 0.0168039 0.0300964 0.0291415 0.0000000 0.0278214 0.0421104 0.0334591 0.0449428 0.0195292 0.0348054 0.0328163 0.0292565 0.0345485 0.0345071 0.0257724 0.0184329 0.0713811 0.0333189 0.0988877 0.4730796 
Cleveland_2024_3         0.0620656 0.0398940 0.0618823 0.0000010 0.0000010 0.0000010 0.0353011 0.0609666 0.0654288 0.0595088 0.0621934 0.0117737 0.0089424 0.0218922 0.0376792 0.0798288 0.0061050 0.0577704 0.0664068 0.0649640 0.0623136 0.0624790 0.0535614 0.0252539 0.0705532 0.0088472 0.0082889 0.0190189 0.0112787 0.0392249 0.0516189 0.0375778 0.0269964 0.0153860 0.0772078 0.0818855 0.0536570 0.0743731 0.0655367 0.0859461 0.0439948 0.0254403 0.0270197 0.0278214 0.0000000 0.0361272 0.0466226 0.0429495 0.0227129 0.0852276 0.0687167 0.0775744 0.0826406 0.0727377 0.0876772 0.0112114 0.1170210 0.1201707 0.1832826 0.6276947 
Cleveland_2024_14        0.0460339 0.0509528 0.0560803 0.0082619 0.0082619 0.0088008 0.0536817 0.0509796 0.0537043 0.0538039 0.0531476 0.0171539 0.0145628 0.0419313 0.0509796 0.0643920 0.0060984 0.0632018 0.0512594 0.0488593 0.0465203 0.0532590 0.0463549 0.0471300 0.0421273 0.0000010 0.0000010 0.0309712 0.0018060 0.0351485 0.0378501 0.0395946 0.0398916 0.0093328 0.0290002 0.0208143 0.0306337 0.0593384 0.0552447 0.0805128 0.0455068 0.0498496 0.0437748 0.0421104 0.0361272 0.0000000 0.0593791 0.0659368 0.0454288 0.0463499 0.0597608 0.0440266 0.0500932 0.0631373 0.0404951 0.0209337 0.0903044 0.0723678 0.1309801 0.5667811 
Cleveland_2024_18        0.0610646 0.0397013 0.0557813 0.0020150 0.0020150 0.0017109 0.0351400 0.0534246 0.0562195 0.0535102 0.0466859 0.0099757 0.0052360 0.0276013 0.0375014 0.0546129 0.0082167 0.0491621 0.0586095 0.0551202 0.0526824 0.0521313 0.0509480 0.0206142 0.0626380 0.0107028 0.0104597 0.0167729 0.0132704 0.0410424 0.0460893 0.0304014 0.0131165 0.0112403 0.0665638 0.0877863 0.0453283 0.0499903 0.0564297 0.0698999 0.0380508 0.0228767 0.0185045 0.0334591 0.0466226 0.0593791 0.0000000 0.0310636 0.0324722 0.0682232 0.0612259 0.0683481 0.0743894 0.0646318 0.0860860 0.0135915 0.0917625 0.0948919 0.1695519 0.5673518 
Cleveland_2024_7         0.0259198 0.0239044 0.0130459 0.0000010 0.0000010 0.0000010 0.0147725 0.0166118 0.0166369 0.0130652 0.0063569 0.0135523 0.0071772 0.0301381 0.0166118 0.0112250 0.0061050 0.0192857 0.0200918 0.0099374 0.0082235 0.0052106 0.0223528 0.0189446 0.0237639 0.0088472 0.0082889 0.0263371 0.0112787 0.0323171 0.0222969 0.0134815 0.0185860 0.0135041 0.0524939 0.0543371 0.0556785 0.0146282 0.0270026 0.0228807 0.0470606 0.0229885 0.0336945 0.0449428 0.0429495 0.0659368 0.0310636 0.0000000 0.0173706 0.0187595 0.0073757 0.0127932 0.0169335 0.0076925 0.0141833 0.0112114 0.0582352 0.0299275 0.0749287 0.3883081 
Cleveland_2024_8         0.0635185 0.0288608 0.0541768 0.0000010 0.0000010 0.0000010 0.0288290 0.0529927 0.0541768 0.0542719 0.0529927 0.0084638 0.0000010 0.0122708 0.0288290 0.0601233 0.0061050 0.0418414 0.0610203 0.0575178 0.0550515 0.0546720 0.0392128 0.0134088 0.0650741 0.0088650 0.0082889 0.0116896 0.0112787 0.0208052 0.0391799 0.0275496 0.0116896 0.0056152 0.0650222 0.0948462 0.0464531 0.0601564 0.0463116 0.0595912 0.0236232 0.0194994 0.0173783 0.0195292 0.0227129 0.0454288 0.0324722 0.0173706 0.0000000 0.0762237 0.0601010 0.0643228 0.0730479 0.0633891 0.0893839 0.0112114 0.0840498 0.1102251 0.1826219 0.6106170 
Wooster_2024_21          0.0183940 0.0115331 0.0129227 0.0082619 0.0082619 0.0088008 0.0131938 0.0147045 0.0129227 0.0129426 0.0147045 0.0236819 0.0150540 0.0282092 0.0131938 0.0129681 0.0060984 0.0081064 0.0146851 0.0096491 0.0079937 0.0103271 0.0096999 0.0135095 0.0063078 0.0053093 0.0000010 0.0066478 0.0018060 0.0116883 0.0047741 0.0000010 0.0066478 0.0096550 0.0586582 0.0731814 0.0422230 0.0129730 0.0015777 0.0096187 0.0179527 0.0279755 0.0413754 0.0348054 0.0852276 0.0463499 0.0682232 0.0187595 0.0762237 0.0000000 0.0129805 0.0149314 0.0071182 0.0135419 0.0230570 0.0209337 0.0518474 0.0449948 0.0891896 0.3315074 
Medina_2023_1            0.0167823 0.0073255 0.0053990 0.0020762 0.0020762 0.0019235 0.0017774 0.0052909 0.0053990 0.0054079 0.0052909 0.0118780 0.0020502 0.0164045 0.0017774 0.0108162 0.0085080 0.0072702 0.0127086 0.0110998 0.0091775 0.0054260 0.0053806 0.0094114 0.0127149 0.0103583 0.0111759 0.0115511 0.0103340 0.0173988 0.0091585 0.0093132 0.0115511 0.0066243 0.0597864 0.0889540 0.0549013 0.0108206 0.0091585 0.0054079 0.0251958 0.0252127 0.0302165 0.0328163 0.0687167 0.0597608 0.0612259 0.0073757 0.0601010 0.0129805 0.0000000 0.0213029 0.0127576 0.0037201 0.0286056 0.0139295 0.0548573 0.0411484 0.0993667 0.3225260 
Wooster_2022_7           0.0271748 0.0052838 0.0231603 0.0082619 0.0082619 0.0076270 0.0108471 0.0226673 0.0231603 0.0232009 0.0226673 0.0176473 0.0081249 0.0223217 0.0108471 0.0205930 0.0060984 0.0089610 0.0209136 0.0211633 0.0191038 0.0233025 0.0108853 0.0072332 0.0146232 0.0000010 0.0000010 0.0017903 0.0000010 0.0071969 0.0035021 0.0000010 0.0017903 0.0042132 0.0612506 0.0903226 0.0395329 0.0206022 0.0035021 0.0232022 0.0136179 0.0221070 0.0362548 0.0292565 0.0775744 0.0440266 0.0683481 0.0127932 0.0643228 0.0149314 0.0213029 0.0000000 0.0148342 0.0222709 0.0362742 0.0209337 0.0499540 0.0612327 0.1025806 0.3620129 
Wooster_2022_9           0.0184456 0.0090616 0.0146897 0.0127584 0.0127584 0.0117982 0.0108847 0.0143917 0.0146897 0.0147141 0.0143917 0.0222514 0.0125947 0.0272332 0.0108847 0.0124877 0.0105049 0.0089930 0.0143711 0.0128123 0.0109099 0.0147703 0.0071008 0.0111714 0.0069775 0.0039558 0.0042530 0.0055317 0.0039469 0.0111154 0.0035157 0.0035730 0.0055317 0.0087212 0.0612842 0.0770860 0.0454493 0.0124928 0.0035157 0.0147146 0.0180612 0.0269795 0.0418667 0.0345485 0.0826406 0.0500932 0.0743894 0.0169335 0.0730479 0.0071182 0.0127576 0.0148342 0.0000000 0.0132531 0.0302844 0.0260507 0.0564185 0.0536973 0.1001969 0.3250873 
Wooster_2022_10          0.0175133 0.0076380 0.0056250 0.0021770 0.0021770 0.0020097 0.0018507 0.0055082 0.0056250 0.0056346 0.0055082 0.0124285 0.0021484 0.0171936 0.0018507 0.0112703 0.0089323 0.0075779 0.0132462 0.0115788 0.0095702 0.0056544 0.0056050 0.0098247 0.0132531 0.0108610 0.0117635 0.0120708 0.0108341 0.0181850 0.0095495 0.0097177 0.0120708 0.0069679 0.0631870 0.0946128 0.0579970 0.0112752 0.0095495 0.0056347 0.0264353 0.0264596 0.0317524 0.0345071 0.0727377 0.0631373 0.0646318 0.0076925 0.0633891 0.0135419 0.0037201 0.0222709 0.0132531 0.0000000 0.0285937 0.0135915 0.0579594 0.0375516 0.0963579 0.3320031 
Wooster_2022_18          0.0258965 0.0058426 0.0230829 0.0064967 0.0064967 0.0059996 0.0119097 0.0255570 0.0230829 0.0231265 0.0255570 0.0164800 0.0064118 0.0165150 0.0119097 0.0231969 0.0042776 0.0098324 0.0255125 0.0181314 0.0203292 0.0203391 0.0077542 0.0080209 0.0255279 0.0062498 0.0067464 0.0146221 0.0062350 0.0187186 0.0118972 0.0120924 0.0146221 0.0022204 0.0481318 0.0870729 0.0564923 0.0186708 0.0118972 0.0207216 0.0185667 0.0220391 0.0409274 0.0257724 0.0876772 0.0404951 0.0860860 0.0141833 0.0893839 0.0230570 0.0286056 0.0362742 0.0302844 0.0285937 0.0000000 0.0184430 0.0568109 0.0225756 0.1122150 0.3728883 
Wooster_2022_11          0.0184430 0.0184430 0.0112114 0.0123474 0.0123474 0.0112807 0.0112114 0.0112114 0.0112114 0.0112114 0.0112114 0.0112114 0.0121636 0.0112114 0.0112114 0.0184329 0.0203079 0.0184329 0.0184329 0.0184329 0.0159770 0.0112114 0.0159871 0.0209432 0.0209337 0.0221326 0.0242318 0.0209337 0.0220708 0.0209337 0.0209337 0.0209892 0.0209337 0.0185907 0.0184329 0.0209337 0.0209337 0.0184430 0.0209337 0.0112114 0.0209337 0.0189378 0.0112114 0.0184329 0.0112114 0.0209337 0.0135915 0.0112114 0.0112114 0.0209337 0.0139295 0.0209337 0.0260507 0.0135915 0.0184430 0.0000000 0.0563227 0.0136754 0.0513442 0.4054154 
Wooster_2024_10          0.0636560 0.0548430 0.0601634 0.0278245 0.0278245 0.0324870 0.0576416 0.0547754 0.0547972 0.0602724 0.0489389 0.0461181 0.0252459 0.0647090 0.0547754 0.0472405 0.0201207 0.0535456 0.0502528 0.0399802 0.0470811 0.0486845 0.0499199 0.0414086 0.0551241 0.0253576 0.0278915 0.0545413 0.0291884 0.0579823 0.0450439 0.0402273 0.0488673 0.0199524 0.0812713 0.0936956 0.0775071 0.0472134 0.0612845 0.0770957 0.0737750 0.0641937 0.0994571 0.0713811 0.1170210 0.0903044 0.0917625 0.0582352 0.0840498 0.0518474 0.0548573 0.0499540 0.0564185 0.0579594 0.0568109 0.0563227 0.0000000 0.0823304 0.1841603 0.5069428 
Wooster_2022_4           0.0544234 0.0296947 0.0348131 0.0129505 0.0129505 0.0119615 0.0225767 0.0375743 0.0348131 0.0348808 0.0375743 0.0225960 0.0127815 0.0176056 0.0225767 0.0453300 0.0199097 0.0294366 0.0479812 0.0388632 0.0363928 0.0316033 0.0269334 0.0296506 0.0480120 0.0215199 0.0232883 0.0325939 0.0214672 0.0395228 0.0318046 0.0324206 0.0325939 0.0184039 0.0767798 0.1352532 0.0804144 0.0453570 0.0318046 0.0322043 0.0260200 0.0475457 0.0523882 0.0333189 0.1201707 0.0723678 0.0948919 0.0299275 0.1102251 0.0449948 0.0411484 0.0612327 0.0536973 0.0375516 0.0225756 0.0136754 0.0823304 0.0000000 0.1756914 0.4139840 
Wooster_2022_1           0.0768160 0.0669160 0.0893352 0.0339712 0.0339712 0.0379001 0.0876652 0.0844656 0.0893352 0.0895664 0.0844656 0.0533423 0.0369208 0.0688073 0.0876652 0.0805161 0.0306744 0.0835444 0.0821735 0.0943074 0.0985084 0.0986009 0.0789088 0.0682758 0.0843305 0.0356971 0.0320539 0.0577697 0.0355857 0.0839349 0.0875201 0.0752555 0.0577697 0.0258619 0.1676723 0.2326935 0.1129997 0.0768160 0.0875201 0.0895949 0.0894231 0.0735794 0.0810564 0.0988877 0.1832826 0.1309801 0.1695519 0.0749287 0.1826219 0.0891896 0.0993667 0.1025806 0.1001969 0.0963579 0.1122150 0.0513442 0.1841603 0.1756914 0.0000000 0.6273597 
HQ944971.1               0.3926925 0.3305305 0.3581292 0.3215153 0.3215153 0.3973938 0.3504601 0.3698475 0.3581292 0.3593485 0.3698475 0.4384040 0.3596389 0.4377316 0.3504601 0.3681547 0.3153697 0.3490829 0.3668069 0.3326287 0.3203212 0.2994105 0.3320739 0.3341919 0.3430167 0.3382542 0.3374557 0.3386292 0.3191731 0.3626036 0.3236555 0.3235814 0.3386292 0.3410372 0.5903497 0.6227832 0.5266480 0.3569370 0.3236555 0.3475110 0.4081362 0.4434729 0.5011649 0.4730796 0.6276947 0.5667811 0.5673518 0.3883081 0.6106170 0.3315074 0.3225260 0.3620129 0.3250873 0.3320031 0.3728883 0.4054154 0.5069428 0.4139840 0.6273597 0.0000000 
